1040280
1040354
1040371
1040396
1040434
1040446
1040464
1040538
1040574
1040586
1040597
1040635
1040638
1040646
1040678
1040700
1040702
1040726
1040751
1040762
1040775
1040792
1040804
1040823
1041149
1041229
1041490
1041823
1090878
1090938
1091015
1091040
1091067
1091095
1091111
1091127
1091133
1091147
1091166
1091200
1091238
1091259
1091266
1091291
1091293
1091310
1091323
1091338
1091347
1091367
1091411
1091582
1091659
1092102
1092198
1092298
1123993
1124031
1124195
1124223
1124427
1124998
1125489
1125731
1125882
1126028
1126916
1127228
1127230
1127616
1129122
1129151
1129198
1129294
1129305
1129400
1129420
1129505
1130080
1132196
1146675
1146773
1146793
1146799
1146839
1146975
1147013
1147052
1147070
1147173
1147223
1147241
1147309
1147341
1147542
1147573
1147630
1147641
1147977
1148215
1148359
1166859
1167090
1167105
1167169
1167188
1167212
1167266
1167802
1167948
1168456
1169624
1233257
1233276
1233277
1233299
1233318
1233359
1233369
1233388
1233412
1233436
1233471
1233489
1233498
1233514
1233527
1233553
1233568
1233571
1233588
1233606
1233642
1233670
1233709
1233809
1233953
1234214
1234450
1234525
1234943
1235634
1264275
1264544
1265214
1265236
1265272
1265293
1265334
1265349
1265405
1265423
1265441
1265485
1265561
1265599
1265655
1265670
1265696
1265742
1265997
1286636
1286675
1286696
1286755
1286772
1286829
1286850
1286876
1286890
1286911
1286929
1286959
1286983
1287026
1287045
1287063
1287101
1287122
1287157
1287330
1287709
1288121
1289903
1317379
1317479
1317500
1317658
1317680
1317735
1317791
1317954
1318080
1318164
1318426
1318793
1318894
1352414
1352476
1352610
1352692
1352959
1354531
1355078
1355127
1355159
1355220
1355316
1355341
1355377
1355394
1355409
1355421
1355452
1355475
1355504
1355574
1356125
1356267
1356402
1356972
1357155
1357464
1357940
1357956
1358056
1358069
1358075
1358093
1358095
1358116
1358146
1358147
1359139
1359235
1359240
1359339
1359359
1359373
1359390
1359417
1359426
1359445
1359462
1359473
1359487
1359505
1359508
1359509
1359521
1359522
1359546
1359555
1359561
1359585
1359605
1359606
1359767
1359787
1359807
1359808
1359879
1359900
1359912
1359934
1359949
1359968
1359988
1360003
1360021
1360042
1360107
1360188
1361075
1361290
1362734
1362774
1362815
1362897
1362916
1362926
1362953
1362979
1362993
1363006
1363024
1363103
1363189
1363282
1363409
1363413
1363510
1363544
1363592
1364004
1364184
1364432
1366578
1366797
1366832
1366949
1366965
1366989
1367006
1367027
1367045
1367067
1367082
1367118
1367126
1367167
1367181
1367245
1367288
1367298
1367302
1367326
1367344
1367358
1367726
1368681
1383878
1383897
1383915
1383958
1384014
1384016
1384039
1384069
1384076
1384098
1384109
1384110
1384146
1384185
1384207
1384208
1384230
1384244
1384254
1384263
1384282
1384283
1384301
1384312
1384321
1384323
1384347
1384367
1384386
1384421
1384583
1387218
1387317
1387397
1387438
1387489
1387586
1387653
1388174
1388256
1388591
1388957
1389800
1390111
1449416
1449538
1449557
1449578
1449617
1449635
1449658
1449697
1449711
1449729
1449732
1449749
1449768
1449786
1449807
1449825
1449844
1449885
1449890
1449903
1449922
1449950
1449959
1450007
1450102
1450228
1450545
1450965
1463160
1463239
1463260
1463319
1463337
1463377
1463393
1463412
1463417
1463434
1463451
1463460
1463469
1463485
1463507
1463539
1463545
1463554
1463561
1463581
1463620
1463634
1463644
1463675
1463730
1463769
1463942
1463972
1464014
1464077
1464100
1464178
1464328
1464528
1464585
1508497
1508637
1508670
1508718
1508726
1508805
1508821
1508882
1508901
1508944
1509295
1509431
1510035
1510643
1544758
1544760
1544834
1544839
1544927
1544937
1544944
1544947
1544988
1545021
1545026
1545049
1545201
1545801
1546396
1546413
1546474
1546490
1546508
1546519
1546532
1546598
1546606
1546643
1546661
1546737
1546743
1546763
1546826
1546965
1572989
1583937
1584012
1584029
1584052
1584244
1584281
1584367
1584726
1587782
1629312
1629355
1629416
1629458
1629527
1629549
1629654
1678060
1678134
1678175
1678196
1678237
1678296
1678350
1678395
1678403
1678414
1678429
1678447
1678481
1678537
1678566
1678587
1678680
1678767
1678789
1678857
1679011
1679090
1679685
1679713
1681639
1681678
1681757
1681778
1681835
1681852
1681866
1681885
1681906
1681931
1681946
1681980
1681989
1682007
1682026
1682028
1682062
1682083
1682282
1682393
1682469
1682533
1682691
1684471
1712579
1712638
1712640
1712677
1712759
1712760
1712776
1712810
1712857
1712859
1712868
1712875
1712890
1712891
1712915
1712934
1712947
1712953
1712971
1712989
1712990
1713006
1713014
1713022
1713037
1713039
1713042
1713044
1713061
1713067
1713082
1713100
1713104
1713107
1713179
1713262
1713290
1713331
1713385
1713427
1713432
1713472
1713563
1713606
1717639
1717678
1717696
1717759
1717775
1717800
1717813
1717830
1717848
1717898
1717931
1717950
1717957
1718010
1718043
1718073
1718092
1718118
1718198
1718215
1718379
1718581
1718862
1719142
1719201
1719324
1738137
1738160
1738292
1738318
1738356
1738368
1738373
1738390
1738408
1738453
1738458
1738470
1738489
1738509
1738523
1738537
1738543
1738566
1738591
1738593
1738602
1738609
1738621
1738623
1738641
1738664
1738847
1738965
1738984
1739067
1739319
1739363
1739383
1739482
1740349
1740793
1741349
1776435
1776537
1776593
1776616
1776630
1776652
1776668
1776693
1776703
1776746
1776765
1776787
1776819
1776836
1776843
1776862
1777036
1777147
1777166
1777335
1778097
1778098
1779396
1779435
1779450
1779524
1779544
1779572
1779580
1779671
1779757
1779783
1779801
1779854
1779944
1780287
1780391
1781065
1782402
1782633
31859
31880
31887
31954
31983
32071
32101
32126
32202
32328
32970
43450
43459
43466
43515
43544
43573
43591
43616
43628
43754
44262
44301
44348
44590
44596
44825
45205
45935
62904
63012
63789
87470
87480
87509
87548
87560
87564
87581
87591
87593
87605
87622
87661
87709
87731
87749
88342
104889
104912
104936
104960
104982
104994
105032
105055
105062
105176
105456
116618
116627
116658
116670
116696
116745
116761
116810
116853
116897
117058
117123
117444
117745
122762
134834
134859
134864
134938
135004
135025
135031
146495
146530
146596
153735
153843
153882
155322
158342
158646
158804
158914
184075
184096
184123
184164
184217
184255
184591
184648
204588
204600
204611
204627
204637
204651
204666
204668
204672
204686
204708
205250
211326
211368
211539
211554
211601
212308
218086
218144
218288
218334
218413
218553
218957
224740
224744
224760
224765
224793
224806
224897
224981
225071
225133
227140
227189
227199
227202
227219
227234
227264
227532
228108
228162
228285
229889
229955
229986
230021
230745
231314
231324
231335
231344
231352
231365
231382
231399
231536
231566
231593
231985
232007
232056
232085
232097
232100
232144
232196
232234
234267
234280
234290
234336
234345
234364
234373
234698
234722
234760
234969
234980
235009
235015
235042
235062
235116
235565
235659
235937
235952
235970
235981
235991
236013
236022
236051
236087
237478
237480
237484
237494
237508
237514
237523
237545
237551
237605
237616
237798
237804
242820
242890
242914
242927
242933
242945
242949
242963
242984
242988
242994
243002
243057
243083
243101
243118
243245
258097
258101
258139
258251
258267
260100
260195
260239
260241
260268
260270
260275
260312
260420
260626
261071
266699
273649
273669
273680
273686
273694
273703
273719
273723
273728
273741
273742
273756
273768
273775
273806
273812
273835
273877
273916
274997
277580
277634
277640
277658
277662
277697
277723
277742
277772
277781
277844
277850
277881
277883
277886
278083
278084
278109
278115
278129
278140
278153
278154
278170
278177
278191
278214
278229
278263
278270
278275
278282
278287
278457
278507
278525
278557
278574
278643
278685
278686
278690
278702
278709
278723
278725
278775
278777
279050
279070
279077
279086
279092
279102
279132
279153
279155
279165
279166
279305
279306
279596
279597
279698
279707
279723
279728
279752
279758
279779
279788
279804
279883
279903
279946
280044
285710
298852
298862
298875
298884
298891
298895
298912
298915
298932
298936
298957
298968
298973
299015
299049
299396
300269
300278
300286
300299
300306
300316
300327
300328
300335
300338
300342
300355
300358
300362
300371
300381
300417
300433
300493
300512
302950
302959
302978
303000
303003
303016
303026
303034
303047
303056
303059
303062
303089
303108
303153
303162
303178
303182
303222
304530
304637
304647
304673
304682
304702
304705
304712
304792
304797
304834
304854
304886
304929
304982
305210
305249
315137
327816
327833
327845
327868
327873
327874
327876
327885
327893
327897
327905
327914
327926
327937
327953
328020
328028
328042
328053
328144
328158
367882
367891
367911
374146
2291560
2445199
2445217
2445278
2445314
2445355
2445371
2445393
2445410
2445429
2445453
2445487
2445534
2445542
2445577
2445595
2445622
2445632
2445669
2445764
2445888
2445905
2445938
2446083
2446264
2446541
2448229
2448234
2448251
2448252
2448253
2448255
2448280
2448296
2448297
2448316
2448358
2448371
2448376
2448399
2448410
2448412
2448434
2448435
2448436
2448440
2448455
2448456
2448458
2448467
2448470
2448490
2448508
2448530
2448543
2448545
2448546
2448547
2448561
2448564
2448583
2448585
2448589
2448595
2448602
2448604
2448609
2448617
2448622
2448636
2448638
2448646
2448649
2448652
2448655
2448674
2448675
2448702
2448709
2448713
2448714
2448794
2448798
2448992
2448993
2449014
2449017
2449018
2449031
2449041
2449045
2449068
2449084
2449113
2449147
2449149
2449174
2449279
2449280
2449281
2449304
2449305
2449324
2449326
2449341
2449374
2449381
2449418
2449442
2449502
2449557
2450121
2474176
2474247
2474293
2474315
2474328
2474330
2474359
2474360
2474418
2474420
2474424
2474427
2474458
2474463
2474474
2474508
2474525
2474541
2474547
2474573
2474601
2474624
2474625
2474647
2474662
2474668
2474685
2474701
2474747
2474823
2474933
2475069
2475230
2475371
2475457
2475579
2475792
2513053
2513056
2513134
2513136
2513199
2513219
2513236
2513280
2513291
2513294
2513308
2513309
2513330
2513332
2513379
2513384
2513389
2513403
2513406
2513426
2513428
2513458
2513473
2513482
2513494
2513505
2513509
2513522
2513526
2513545
2513558
2513565
2513584
2513605
2513629
2513655
2513661
2513681
2513714
2513735
2529900
2530099
2530117
2530158
2530180
2530194
2530213
2530218
2530233
2530237
2530255
2530271
2530289
2530306
2530323
2530324
2530344
2530372
2530422
2530443
2530461
2530493
2530513
2530560
2530683
2530793
2530846
2531009
2531045
2531177
2531263
2532083
2600791
2642898
2642899
2642915
2642960
2642974
2642977
2642994
2642995
2643017
2643035
2643053
2643056
2643096
2643110
2643116
2643127
2643134
2643148
2643151
2643166
2643168
2643185
2643210
2643226
2643234
2643250
2643253
2643264
2643282
2643290
2643307
2643325
2643349
2643374
2643400
2643407
2643481
2643576
2657940
2657956
2657980
2658076
2658088
2658169
2658186
2658209
2658223
2658266
2658284
2658322
2658373
2658386
2658388
2658467
2658507
2659083
2659303
2659359
2659592
2660506
2680839
2680894
2680912
2680913
2680937
2680956
2680960
2680976
2681033
2681071
2681098
2681117
2681136
2681146
2681176
2681186
2681221
2681241
2681270
2681282
2681301
2681404
2681622
2682081
2682123
2682215
2682216
2682238
2682255
2682300
2682350
2682385
2682404
2682407
2682463
2682497
2682510
2682511
2682585
2682591
2682595
2682651
2682684
2682715
2682801
2682812
2682814
2682815
2682824
2682846
2682903
2682963
2683015
2683061
2683972
2683976
2684101
2684238
2684256
2684272
2684277
2684300
2684317
2684332
2684355
2684373
2684394
2684396
2684412
2684428
2684447
2684468
2684499
2684508
2684515
2684524
2684558
2684561
2684605
2684657
2684674
2684711
2684799
2684816
2684828
2684846
2684862
2685118
2685769
2686067
2686278
2706337
2706356
2706395
2706432
2706452
2706475
2706496
2706516
2706540
2706554
2706557
2706571
2706575
2706596
2706597
2706610
2706635
2706647
2706668
2706692
2706706
2706707
2706759
2706775
2706782
2706821
2707088
2707256
2720876
2720877
2720894
2720916
2720937
2720940
2720956
2720977
2720997
2721000
2721013
2721017
2721032
2721054
2721056
2721072
2721091
2721093
2721110
2721112
2721140
2721154
2721155
2721171
2721194
2721206
2721222
2721223
2721241
2721324
2721383
2721435
2722175
2750156
2750174
2750193
2750293
2750310
2750331
2750428
2791057
2791217
2791258
2791298
2791318
2791349
2791388
2791424
2791444
2791503
2791523
2791757
2791877
2792136
2792269
2792371
2792540
2793626
2812271
2819248
2819644
2832616
2832790
2832838
2832870
2832896
2832913
2832949
2832969
2832998
2833004
2833024
2833052
2833065
2833083
2833085
2833103
2833141
2833187
2833316
2833329
2833465
2834124
2835762
2848455
2848626
2848685
2868929
2895716
2895759
2895858
2895906
2895935
2895944
2895969
2896051
2896758
2897964
2924700
2962437
2962516
2962669
2962770
2962812
2962862
2963703
2963788
2964248
2964565
2965413
2986299
2986414
3033820
3033874
3033959
3033975
3033977
3034014
3034035
3034059
3034072
3034095
3034183
3034224
3034242
3034265
3034284
3034311
3034327
3034364
3034383
3034437
3034460
3034496
3034582
3034743
3034802
3054292
3054330
3054357
3054396
3054411
3054435
3054477
3054581
3054631
3054729
3054773
3054892
3055080
3055545
3055922
3055974
3071137
3071400
3071504
3071542
3071620
3071761
3071891
3071959
3072053
3073172
3113104
3113173
3113919
3116372
3116589
3116884
3116954
3117958
3126399
3126473
3126513
3126515
3126527
3126550
3126553
3126573
3126597
3126614
3126619
3126632
3126651
3126692
3126705
3126721
3126745
3126767
3126792
3126797
3126813
3126823
3126846
3126882
3126913
3126922
3126993
3127011
3127052
3127062
3127127
3137678
3137892
3137910
3137930
3137979
3137994
3137997
3138010
3138094
3138113
3138131
3138154
3138185
3138202
3138302
3138335
3138368
3138423
3138460
3138542
3138593
3138644
3138831
3138914
3154159
3154240
3154359
3154398
3154407
3154492
3154593
3154604
3154644
3154663
3154685
3154702
3154788
3154802
3154839
3154924
3155022
3155091
3203017
3203120
3203139
3203178
3203200
3203272
3203291
3203307
3203322
3203343
3203361
3203387
3203401
3203422
3203446
3203503
3203533
3203751
3203765
3203852
3203865
3203914
3203944
3204068
3204436
3204442
3204999
3218993
3219017
3219049
3219135
3219150
3219186
3219218
3219307
3219344
3219361
3219400
3219447
3219462
3219545
3219610
3219726
3219792
3220071
3220086
3237696
3237712
3237757
3237778
3237798
3237829
3237890
3237932
3238020
3238024
3238050
3238062
3238065
3238086
3238151
3238239
3238361
3238386
3238406
3238508
3238529
3238601
3238665
3238942
3239043
3261360
3261598
3261617
3261676
3261695
3261715
3261732
3261752
3261770
3261792
3261816
3261828
3261845
3261866
3261885
3261906
3261917
3261926
3261948
3261967
3261995
3262016
3262162
3262262
3262775
3340520
3340596
3340639
3340719
3340736
3340754
3340852
3340885
3340945
3340984
3341005
3341074
3341144
3341166
3341232
3341280
3341294
3341714
3341766
3341803
3342080
3363820
3363840
3363855
3363877
3363894
3363906
3363926
3363945
3363965
3364006
3364029
3364047
3364067
3364083
3364102
3364108
3364122
3364139
3364143
3364164
3364227
3364260
3364386
3364416
3364425
3364517
3364578
3364632
3364794
3364889
3384040
3384065
3384089
3384130
3384146
3384182
3384227
3384258
3384271
3384284
3384317
3384421
3384724
3384813
3384931
3385065
3387417
3389690
3397258
3397412
3397541
3397856
3397977
3399140
3399214
3399255
3399312
3399394
3399413
3399451
3399470
3399522
3399541
3399589
3399619
3399680
3399850
3448397
3448399
3448418
3448432
3448433
3448458
3448470
3448479
3448507
3448529
3448538
3448549
3448570
3448576
3448587
3448595
3448607
3448609
3448627
3448656
3448659
3448667
3448670
3448684
3448685
3448702
3448703
3448727
3448741
3448769
3448772
3448781
3448809
3448834
3448842
3448885
3448930
3480640
3480736
3480738
3480775
3480796
3480797
3480835
3480868
3480892
3480899
3480917
3480930
3480936
3480944
3480947
3480968
3480985
3481005
3481006
3481026
3481031
3481048
3481050
3481065
3481081
3481084
3481103
3481109
3481121
3481123
3481141
3481145
3481176
3481190
3481212
3481237
3481277
3481303
3493580
3493639
3493675
3493754
3493850
3493874
3493891
3493905
3494429
3494601
3494764
3494915
3495235
3495480
3495795
3496594
3504940
3504958
3504980
3504997
3505017
3505059
3505120
3505150
3505190
3505227
3505267
3505290
3505314
3505330
3505349
3505367
3505387
3505404
3505421
3505443
3514720
3514797
3514877
3514897
3514931
3514954
3515006
3515029
3515052
3515064
3515086
3515121
3515125
3515154
3515163
3515183
3515201
3515240
3515282
3515350
3515368
3515532
3516173
3566512
3637000
3637055
3637175
3637239
3637327
3637401
3637504
3637784
3637965
3639301
3639628
3639984
3651077
3651177
3651213
3651276
3651306
3651331
3651405
3651444
3651469
3651770
3651878
3652203
3652432
3665835
3672155
3672394
3672411
3672449
3737415
3749498
3758795
3759167
3759178
3759188
3759194
3759199
3759310
3759395
3759396
3759398
3759411
3759419
3759421
3759422
3759429
3759570
3759571
3759630
3759666
3759667
3759671
3759693
3759743
3759760
3759764
3759766
3761020
3761088
3761095
3761120
3761132
3761137
3761147
3761149
3761169
3761174
3761183
3761195
3761203
3761221
3761230
3761244
3761261
3761298
3761307
3761368
3761498
3761542
3761563
3761640
3780055
3780077
3780120
3780132
3780138
3780190
3780228
3780249
3780251
3780267
3780273
3780287
3780306
3780348
3780367
3780383
3780408
3780425
3780446
3780494
3780531
3780551
3780555
3780653
3780756
3780764
3780851
3781012
3781286
3781374
3781488
3781513
3781743
3796319
3796378
3796397
3796418
3796439
3796454
3796488
3796513
3796527
3796549
3796576
3796587
3796606
3796622
3796629
3796647
3796651
3796665
3796683
3796690
3796722
3796724
3796749
3796775
3796830
3796994
3797045
3797138
3797551
3860880
3860977
3860979
3861112
3861115
3861170
3861171
3861216
3861217
3861232
3861234
3861275
3861278
3861316
3861318
3861323
3861324
3861379
3861393
3861394
3861431
3861434
3861460
3861464
3861468
3861485
3861496
3861505
3861508
3861536
3861539
3861544
3861549
3861561
3861583
3861593
3861603
3861621
3876597
3876615
3876653
3876710
3876729
3876820
3876830
3876836
3876846
3876867
3876897
3876908
3876924
3876925
3876941
3876985
3877025
3877043
3877105
3877123
3877153
3877177
3877205
3877229
3877344
3877458
3914640
3914658
3914659
3914799
3914833
3914854
3914895
3914952
3914976
3914979
3915000
3915006
3915012
3915025
3915050
3915072
3915087
3915093
3915111
3915128
3915138
3915142
3915144
3915163
3915183
3915204
3915211
3915225
3915252
3915279
3915332
3915392
3915403
3915430
3915831
3958029
3958030
3958097
3958107
3958115
3958182
3958193
3958259
3958287
3958302
3958352
3958364
3958397
3958403
3958426
3958448
3958464
3958482
3958502
3958704
3958756
3958763
3958793
3958855
3958879
3959033
3959058
3959182
3987235
3987280
3987356
3987396
3987429
3987645
3987684
3987783
3988295
3988347
3988580
4048719
4048838
4048897
4048917
4048967
4049032
4049041
4049062
4049073
4049098
4049105
4049121
4049142
4049160
4049166
4049236
4049246
4049304
4049368
4050265
4093478
4093674
4093677
4093692
4093693
4093735
4093739
4093787
4093789
4093839
4093933
4093935
4093991
4094005
4094019
4094025
4094045
4094052
4094062
4094064
4094089
4094108
4094123
4094129
4094142
4094151
4094161
4094182
4094183
4094213
4094226
4094241
4094261
4094290
4094319
4094331
4094364
4123239
4123318
4123338
4123349
4123375
4123391
4123433
4123476
4123533
4123557
4123560
4123589
4123618
4123676
4123685
4123703
4123739
4123758
4123759
4123768
4123795
4123835
4123843
4123870
4123901
4124022
4124121
4124179
4124189
4124244
4124286
4124396
4124444
4124716
4162079
4162080
4162094
4162113
4162160
4162234
4162250
4162288
4162312
4162346
4162367
4162368
4162384
4162414
4162423
4162443
4162488
4162501
4162503
4162532
4162547
4162572
4162599
4162609
4162624
4162651
4162752
4162763
4162792
4162829
4162842
4162861
4163161
4163294
4163508
438480
438497
438514
438534
438552
438578
438658
438672
438692
438708
438724
438744
438759
438765
438792
438802
438809
438844
438915
438979
438991
439085
439140
439203
439282
439368
439422
439659
439664
439722
439926
439966
440073
440101
440198
440250
445809
445834
445891
445947
446012
446051
446101
446130
446252
446404
446429
446609
446786
446837
446859
447024
447079
447201
447417
448560
448682
449776
450209
450307
450352
451176
451419
452206
468527
505637
505654
505697
505716
505720
505733
505754
505797
505811
505927
505966
505984
506004
506026
506074
506082
506101
506150
506177
506217
506278
506309
506376
572911
580031
580328
586177
591461
4294069
4294115
4294259
4294291
4294312
4294326
4294350
4294368
4294440
4294445
4294464
4294501
4294504
4294522
4294563
4294573
4294658
4294682
4294869
4294886
4295316
4347720
4348036
4348084
4348122
4348162
4348199
4348291
4349763
4350008
4350151
4350533
4350868
4367596
4367620
4367638
4367733
4367777
4367868
4367896
4367905
4367932
4367948
4368000
4368024
4368042
4368070
4368276
4368746
4368858
4368975
4651060
4651177
4651300
4651491
4651544
4651563
4651646
4651675
4651677
4651707
4651738
4651809
4651867
4651964
4652043
4652104
4652913
4672799
4672819
4672840
4672897
4672915
4672935
4672955
4672973
4672995
4673007
4673039
4673052
4673068
4673094
4673105
4673126
4673162
4673196
4673219
4673229
4673251
4673282
4673442
4673603
4673653
4673808
4674012
4675086
4675234
4779859
4779920
4779992
4780019
4780074
4780090
4780184
4780204
4780394
4780496
4780744
4781505
4837795
4837837
4837848
4837890
4837912
4837929
4837988
4838028
4838084
4838141
4838215
4838438
4838504
4838671
4838769
4838798
4838917
4839349
4839961
4884437
4884611
4884629
4884678
4884750
4884771
4884787
4884847
4884886
4885054
4885250
4885295
4885318
4885469
4885726
4885755
4885831
4886165
4886763
4936708
4936776
4936791
4936844
4936900
4936919
4936938
4936951
4936971
4936984
4937003
4937065
4937083
4937179
4937202
4937687
4937744
4937877
4938098
4938190
4947375
4947470
4947515
4947529
4947590
4947609
4947705
4947762
4947801
4947865
4948005
4948076
4948525
4948727
4948746
4949222
4950773
4962980
4963015
4963033
4963076
4963113
4963133
4963150
4963153
4963189
4963209
4963248
4963273
4963288
4963311
4963321
4963403
4963411
4963465
4963536
4964139
4964295
4964635
5046098
5046154
5046287
5046305
5046346
5046404
5046428
5046468
5046537
5046548
5046571
5046668
5046709
5047156
5047252
5047656
5047890
5048279
5085854
5085872
5085966
5085987
5086009
5086039
5086048
5086123
5086163
5086217
5086275
5086356
5086490
5123479
5123595
5123671
5123689
5123737
5123753
5123770
5123790
5123831
5123841
5123842
5123863
5123882
5123927
5123949
5123989
5124067
5124224
5124370
5124640
5124821
5125255
5134152
5134266
5139659
5139854
5139872
5140102
5161650
5161753
5161776
5161824
5161849
5161877
5161911
5161925
5161943
5161998
5162061
5162082
5162111
5162113
5162227
5174379
5174458
5174499
5174570
5174695
5174744
5174777
5174784
5174824
5174850
5174863
5174881
5174912
5174951
5175017
5175135
5175239
5175293
5175444
5175520
5175923
5176138
5212009
5222997
5223053
5223097
5223111
5223165
5223187
5223188
5223228
5229060
5229178
5229180
5229196
5229212
5229239
5229339
5229397
5229419
5229440
5229453
5229468
5229500
5229510
5229528
5229544
5229552
5229567
5229586
5229595
5229613
5229620
5229623
5229640
5229642
5229644
5229694
5229706
5229728
5229757
5229769
5229808
5229826
5229845
5229867
5229921
5229945
5229996
5230064
5275102
5290260
5290278
5290299
5290314
5290320
5290339
5290354
5290377
5290392
5290413
5290415
5290431
5290456
5290468
5290472
5290483
5290504
5290526
5290531
5290543
5290545
5290561
5290587
5290601
5290621
5290638
5290682
5290704
5290780
5290838
5291120
5291515
5291578
5314659
5314800
5314920
5314976
5369419
5369596
5369692
5369715
5369755
5369776
5369830
5369858
5369928
5370074
5370315
5370629
5370812
5384451
5384591
5384619
5384630
5384690
5384709
5384786
5384805
5384841
5384864
5384900
5385215
5385507
5385605
5386349
5386486
5433159
5433279
5433297
5433335
5433337
5433378
5433416
5433432
5433485
5433496
5433510
5433527
5433542
5433611
5433624
5433756
5433776
5433879
5433891
5433911
5434125
5434584
5434706
5454132
5454256
5454370
5454421
5474420
5474478
5474519
5474554
5474573
5474596
5474614
5474676
5474690
5474704
5474727
5474732
5474746
5474769
5474787
5474806
5474825
5474829
5474851
5474861
5474886
5474898
5474911
5474959
5474995
5475041
5475141
5475164
5475247
5475827
5475956
5562059
5562232
5562270
5562312
5562397
5562473
5562474
5562509
5562514
5562527
5562535
5562550
5562573
5562586
5562590
5562603
5562628
5562629
5562652
5562698
5562706
5562731
5562745
5562766
5562782
5562787
5562827
5562867
5562960
5562979
5563094
5563125
5563178
5563334
5563355
5563402
5563504
5593200
5593420
5593457
5593475
5593487
5593515
5593527
5593547
5593570
5593583
5593631
5593644
5593653
5593696
5593702
5593723
5593769
5593782
5593824
5593889
5593920
5594050
5594150
5650956
5651127
5651219
5651320
5651338
5651349
5651380
5651410
5651436
5651440
5651459
5651471
5651492
5651533
5651545
5651566
5651577
5651583
5651602
5651629
5651644
5651663
5651683
5651728
5651850
5651914
5651981
5684850
5692255
5692571
5692778
5714080
5714099
5714118
5714137
5714151
5714208
5714262
5714286
5714306
5714313
5714346
5714409
5714440
5714523
5714611
5714695
5714732
5714856
5714872
5714886
5715819
5715955
5716003
5725160
5725568
5725843
5786399
5786416
5786480
5786490
5786495
5786519
5786538
5786559
5786594
5786712
5786731
5786736
5786765
5786777
5786791
5786809
5786811
5786833
5786847
5786864
5786882
5786892
5786919
5786921
5786947
5786962
5786991
5787422
5787511
5788143
5817696
5817714
5817792
5817813
5817835
5817859
5817874
5817898
5817917
5817933
5817935
5817968
5817972
5817985
5818005
5818019
5818026
5818042
5818062
5818094
5818101
5818104
5818177
5818228
5818251
5818285
5818514
5819399
5819462
5820075
5821656
5854458
5854480
5854492
5854499
5854537
5854555
5854575
5854611
5854632
5854643
5854668
5854688
5854691
5854709
5854715
5854761
5854783
5854786
5854804
5854822
5854846
5854858
5854861
5854906
5854966
5855022
5855061
5865311
5865391
5865451
5865455
5865497
5865511
5865537
5865543
5865572
5865664
5865681
5865701
5865741
5865787
5866492
5866517
5866536
5866579
5866593
5866649
5866728
5866788
5866862
5866994
5867076
5867194
5867225
5867484
5867500
5867636
5868435
5868594
5868605
5868642
5868672
5868723
5868743
5868766
5868787
5868836
5868939
5869000
5869005
5869051
5869396
5869472
5869833
5869903
5869919
5869951
5869980
5870011
5870039
5870052
5870078
5870100
5870105
5870126
5870153
5870211
5870216
5870234
5870265
5870346
5870372
5870402
5870413
5870477
5870478
5870811
5870860
5870899
5870980
5870991
5871006
5871057
5871072
5871100
5871130
5871169
5871177
5871183
5871201
5871221
5871252
5871316
5871340
5871349
5871351
5871382
5871384
5871417
5871576
5871620
5871671
5871688
5871705
5871733
5871778
5871785
5871802
5871822
5871846
5871903
5871954
5871961
5872041
5872046
5872081
5872088
5872110
5872272
5872545
5872719
5872810
5872814
5872972
5872995
5873018
5873034
5873079
5873086
5873103
5873124
5873160
5873166
5873175
5873202
5873382
5873723
626418
626674
626706
626737
626790
627140
627156
627160
627172
627196
627209
627229
627236
627280
627290
627306
627315
627330
627351
627386
627415
627440
627447
627463
627466
627499
627509
627510
627523
627543
627634
627743
627783
627848
627875
627903
627952
628052
628127
657520
657737
657753
657790
657839
657857
657891
657904
657929
657953
657966
657967
658013
658025
658067
658072
658141
658169
658177
658185
658186
658206
658229
658292
658430
658535
658670
683315
683318
683337
683338
683374
683390
683391
683412
683430
683477
683489
683507
683519
683525
683549
683569
683578
683585
683586
683606
683623
683644
683666
683681
683685
683720
683727
683737
683804
683824
683860
683909
684105
688747
689325
689541
692640
692699
692700
692735
692736
692796
692820
692837
692855
692891
692936
692938
692951
692990
693010
693033
693044
693052
693066
693073
693084
693106
693121
693147
693149
693163
693166
693183
693211
693261
693372
693474
719914
719994
720018
720032
720035
720080
720097
720115
720131
720169
720172
720186
720229
720232
720268
720292
720312
720350
720367
720393
720421
720441
720444
720588
720625
720687
720850
720892
720940
721108
733333
733414
733416
733642
734175
734892
735439
735459
735480
735493
735515
735546
735572
735613
735615
735630
735646
735655
735668
735698
735703
735734
735740
735787
735832
735853
735885
735907
735952
736111
736125
736274
736415
756930
756939
757039
757124
757140
757160
757212
757213
757238
757256
757257
757312
757313
757335
757354
757371
757372
757387
757408
757413
757432
757437
757457
757460
757465
757470
757484
757493
757502
757511
757521
757531
757541
757546
757569
757587
757603
757621
757670
762580
762636
762828
762850
762857
762966
763000
763026
763062
763094
763133
763171
763308
763352
763397
763545
763901
764025
764227
764555
764588
764767
787526
787606
788231
788235
788898
788899
788958
788973
789000
789011
789032
789053
789088
789108
789111
789127
789198
789226
789242
789287
789352
789460
789468
789497
789901
848398
848434
848540
848571
848672
848745
848768
849107
849397
868219
868251
868338
868368
868411
868427
868506
868524
868664
868794
868882
869403
869475
869751
869833
870423
883738
883774
883816
883895
884064
884301
884377
884440
885854
887483
905603
919777
919780
919879
919938
919955
919974
919977
919990
920015
920033
920052
920069
920074
920087
920116
920129
920143
920146
920163
920183
920203
920205
920224
920241
920247
920263
920321
920352
920383
920406
920429
920573
920768
945096
945218
945299
945300
945375
945393
945410
945494
945528
945531
945549
945550
945566
945585
945606
945613
945623
945645
945648
945662
945682
945684
945701
945721
945742
945771
945866
945996
946033
946359
994678
994717
994736
994755
994777
994812
994838
994850
994874
994886
994889
994910
994914
994929
994931
994944
994952
994970
994998
995004
995028
995044
995046
995062
995095
995123
995197
995481
995506
